1.000000
249.070452
49.236823
723.389877
415.221567
1.000000
107.676289
51.823929
20.401795
128.905143
1.000000
43.526363
411.544940
409.290261
198.986422
1.000000
1203.815622
3952.697553
74.233178
168.578262
7.471448
128.593372
69.296230
5724.583787
1.000000
1.000000
1.000000
4.376993
218.035735
141.659814
853.121208
961.126889
1286.548932
11087.274243
26.919259
40.638643
514.330867
107.774950
1671.323721
38.397699
274.457565
44.569899
145.950313
224.987886
797.498877
80.835994
328.289884
217.598414
636.283831
351.856853
23.865978
412.244676
30.161875
55.868347
375.154332
1398.506787
58.174333
37.888760
824.693443
333.353676
883.630831
199.027091
28.505961
2710.508151
21.004539
182.706369
235.682117
64.473413
31.738307
84.809777
192.391555
386.275322
194.394108
516.392514
367.417096
25.022565
106.938481
466.177185
70.016696
61.607140
1.000000
97.847677
158.502711
434.155449
69.753105
744.024844
1.000000
44.278123
114.448382
44.906619
475.915848
1.000000
10.781967
1.000000
555.840772
1756.678105
1.000000
37.524686
1.000000
376.228385
